country,2013,2014,2015,2016,2017,2018,2019,2020,2021,2022,2023,2024,2025,2026,2027,2028
Albania,1.9,1.6,1.9,1.3,2.0,2.0,1.4,1.6,2.0,6.7,4.8,4.0,3.2,3.0,3.0,3.0
Austria,2.1,1.5,0.8,1.0,2.2,2.1,1.5,1.4,2.8,8.6,7.8,3.7,2.5,2.1,2.0,2.0
Belarus,18.3,18.1,13.5,11.8,6.0,4.9,5.6,5.5,9.5,15.2,4.7,5.7,4.2,5.0,5.4,5.0
Belgium,1.2,0.5,0.6,1.8,2.2,2.3,1.3,0.4,3.2,10.3,2.5,4.3,2.1,1.8,1.8,2.0
Bosnia and Herzegovina,-0.1,-0.9,-1.0,-1.6,0.8,1.4,0.6,-1.1,2.0,14.0,5.5,3.0,2.7,2.5,2.0,2.0
Bulgaria,0.4,-1.6,-1.1,-1.3,1.2,2.6,2.5,1.2,2.8,13.0,8.5,3.0,2.1,2.0,2.0,2.0
Croatia,2.3,0.2,-0.3,-0.6,1.3,1.6,0.8,0.0,2.7,10.7,8.6,4.2,2.5,2.2,2.2,2.1
Cyprus,0.4,-0.3,-1.5,-1.2,0.7,0.8,0.6,-1.1,2.2,8.1,3.5,2.4,2.2,2.1,2.0,2.0
Czech Republic,1.4,0.3,0.3,0.7,2.5,2.1,2.8,3.2,3.8,15.1,10.9,4.6,2.1,2.0,2.0,2.0
Denmark,0.5,0.4,0.2,0.0,1.1,0.7,0.7,0.3,1.9,8.5,4.1,2.8,2.1,2.1,2.0,2.0
Estonia,3.2,0.5,0.1,0.8,3.7,3.4,2.3,-0.6,4.5,19.4,10.0,3.8,3.2,2.8,2.5,2.5
Finland,2.2,1.2,-0.2,0.4,0.8,1.2,1.1,0.4,2.1,7.2,4.5,1.9,2.0,2.0,2.0,2.0
France,1.0,0.6,0.1,0.3,1.2,2.1,1.3,0.5,2.1,5.9,5.6,2.5,2.0,2.0,1.8,1.6
Georgia,-0.5,3.1,4.0,2.1,6.0,2.6,4.9,5.2,9.6,11.9,2.4,2.7,3.0,3.0,3.0,3.0
Germany,1.6,0.8,0.7,0.4,1.7,1.9,1.4,0.4,3.2,8.7,6.3,3.5,2.2,2.1,2.0,2.0
Greece,-0.9,-1.4,-1.1,0.0,1.1,0.8,0.5,-1.3,0.6,9.3,4.1,2.8,2.2,2.0,1.9,1.9
Hungary,1.7,-0.2,-0.1,0.4,2.4,2.8,3.4,3.3,5.1,14.5,17.7,6.6,4.3,3.8,3.2,3.1
Iceland,3.9,2.0,1.6,1.7,1.8,2.7,3.0,2.8,4.5,8.3,8.6,4.5,3.6,2.6,2.5,2.5
Ireland,0.5,0.3,0.0,-0.2,0.3,0.7,0.9,-0.5,2.4,8.1,5.2,3.0,2.4,2.0,2.0,2.0
Italy,1.2,0.2,0.1,-0.1,1.3,1.2,0.6,-0.1,1.9,8.7,6.0,2.6,2.2,2.0,2.0,2.0
Kosovo,1.8,0.4,-0.5,0.2,1.5,1.1,2.7,0.2,3.3,11.7,4.7,3.1,2.3,1.9,2.0,2.0
Lithuania,1.2,0.2,-0.7,0.7,3.7,2.5,2.2,1.1,4.6,18.9,9.3,3.9,3.0,2.8,2.5,2.4
Luxembourg,1.7,0.7,0.1,0.0,2.1,2.0,1.7,0.0,3.5,8.1,3.2,3.3,2.2,2.0,2.0,2.0
Malta,1.0,0.8,1.2,0.9,1.3,1.7,1.5,0.8,0.7,6.1,5.8,3.1,2.2,2.0,2.0,2.0
Moldova,4.6,5.1,9.6,6.4,6.5,3.6,4.8,3.8,5.1,28.6,13.3,5.0,5.0,5.0,5.0,5.0
Montenegro,2.2,-0.7,1.5,-0.3,2.4,2.6,0.4,-0.2,2.4,13.0,8.3,4.3,2.6,2.1,2.0,1.9
Netherlands,2.6,0.3,0.2,0.1,1.3,1.6,2.7,1.1,2.8,11.6,4.0,4.2,2.2,2.0,2.0,2.0
North Macedonia ,2.8,-0.3,-0.3,-0.2,1.4,1.5,0.8,1.2,3.2,14.2,10.0,4.3,2.2,2.0,2.0,2.0
Norway,2.1,2.0,2.2,3.6,1.9,2.8,2.2,1.3,3.5,5.8,5.8,3.7,2.6,2.0,2.0,2.0
Poland,1.1,0.1,-0.9,-0.7,2.0,1.8,2.2,3.4,5.1,14.4,12.0,6.4,4.5,3.6,2.9,2.5
Portugal,0.4,-0.2,0.5,0.6,1.6,1.2,0.3,-0.1,0.9,8.1,5.3,3.4,2.4,2.2,2.0,2.0
Romania,4.0,1.1,-0.6,-1.6,1.3,4.6,3.8,2.6,5.0,13.8,10.7,5.8,3.6,3.6,2.6,2.5
Russian Federation,6.8,7.8,15.5,7.0,3.7,2.9,4.5,3.4,6.7,13.8,5.3,6.3,4.0,4.0,4.0,4.0
Spain,1.5,-0.2,-0.6,-0.3,2.0,1.7,0.8,-0.3,3.0,8.3,3.5,3.9,2.1,1.8,1.7,1.7
Sweden,0.4,0.2,0.7,1.1,1.9,2.0,1.7,0.7,2.7,8.1,6.9,3.6,2.7,2.3,2.0,2.0
Switzerland,-0.2,0.0,-1.1,-0.4,0.5,0.9,0.4,-0.7,0.6,2.8,2.2,2.0,1.7,1.5,1.5,1.5
"Türkiye, Republic of",7.5,8.9,7.7,7.8,11.1,16.3,15.2,12.3,19.6,72.3,51.2,62.5,52.5,48.1,39.0,37.4
Ukraine,-0.3,12.1,48.7,13.9,14.4,10.9,7.9,2.7,9.4,20.2,17.7,13.0,8.6,6.7,5.5,5.0
